0;Grass Path:-8,-1,0:-7,-1,0:-6,-1,0:-5,-1,0:-4,-1,0:-3,-1,0:-2,-1,0:-1,-1,0:0,-1,0:-6,-2,0
1;Mushroom Caves:-5,0,0:-4,0,0:-3,0,0:-3,1,0:-2,1,0:-2,0,0:-2,2,0:-3,2,0:-1,2,0:0,1,0:-1,1,0:1,1,0:1,2,0:1,3,0:1,4,0:2,1,0:0,3,0:-1,3,0:-1,4,0:-1,5,0:-2,5,0:0,5,0:1,5,0:2,5,0:0,6,0:0,7,0:0,8,0:-1,6,0:0,9,0
2;Radio Tower:-5,-8,0:-5,-7,0:-5,-6,0
3;Treeception:-4,-6,0:-4,-4,0:-4,-5,0:-4,-3,0:-4,-2,0:-3,-3,0:-3,-2,0:-3,-4,0
4:1,3,0
[-8,-1,0]
1,0,1,0|92a984,,,,||uid://dme2l0jnnhsl2
[-3,-1,0]
-1,1,1,0|92a984,,,,||uid://dbne7ouht374o
[-4,-1,0]
0,0,-1,1|92a984,,,,||uid://cx74jv60ugo07
[-5,-1,0]
-1,1,-1,0|92a984,,,,||uid://cx74jv60ugo07
[-6,-1,0]
-1,0,1,0|92a984,,,,||uid://cx74jv60ugo07
[-3,-3,0]
0,1,1,0|165a4c,,,,||uid://5f7e3gafcvlj
[-4,-3,0]
1,-1,0,1|165a4c,,,,||uid://ccspihhsgij8b
[-4,-2,0]
1,1,0,-1|165a4c,,,,||uid://ccspihhsgij8b
[-4,-4,0]
1,1,0,-1|165a4c,,,,|0|uid://c5iw0utq2h37t
[-4,-5,0]
0,-1,0,1|165a4c,,,,|4|uid://c5iw0utq2h37t
[-4,-6,0]
0,1,1,0|165a4c,,,,||uid://dhu3bp631ise
[-7,-1,0]
1,0,1,0|92a984,,,,||uid://n304cvr7pmk3
[-6,-2,0]
0,0,0,0|92a984,,,,||
[-3,-4,0]
0,0,1,0|165a4c,,,,||uid://casxuxnty5ec6
[-9,-1,0]
1,0,1,1|1e1f23,,,,||uid://bed7yihosur6
[-3,-2,0]
0,0,1,1|165a4c,,,,|0|uid://chykbvkl7hxs4
[-5,-6,0]
1,0,0,1|2e222f,,,,||uid://ofe3t2e1xwcp
[-5,-7,0]
0,1,0,1|2e222f,,,,||uid://bma8fkc4t2c2k
[-5,-8,0]
0,1,0,0|2e222f,,,,||uid://bsva27q0y8rxu
[-2,-1,0]
0,1,-1,0|92a984,,,,||uid://dbne7ouht374o
[-1,-1,0]
-1,0,0,0|92a984,,,,||uid://blvjo3l1yddj7
[0,-1,0]
0,0,-1,0|92a984,,,,||uid://blvjo3l1yddj7
[-2,0,0]
0,-1,-1,1|753c54,,,,||uid://dp5jhjh1qb3dj
[-9,-2,0]
-1,0,0,0|||uid://b1nj3yqr0qwkr
[-8,-2,0]
-1,0,-1,0|||uid://b1nj3yqr0qwkr
[-7,-2,0]
0,0,-1,0|||uid://b1nj3yqr0qwkr
[-3,0,0]
-1,-1,1,1|753c54,,,,||uid://dp5jhjh1qb3dj
[-3,1,0]
-1,1,0,-1|753c54,,,,||uid://dp5jhjh1qb3dj
[-2,1,0]
1,0,-1,-1|753c54,,,,||uid://dp5jhjh1qb3dj
[-1,1,0]
-1,0,1,0|753c54,,,,||uid://bdqd8uevtg5ob
[0,1,0]
-1,0,-1,0|753c54,,,,||uid://bdqd8uevtg5ob
[1,1,0]
1,1,-1,0|753c54,,,,||uid://bdqd8uevtg5ob
[-3,2,0]
-1,0,0,1|753c54,,,,||uid://brkqwig4mb8ox
[-2,2,0]
-1,0,-1,0|753c54,,,,||uid://brkqwig4mb8ox
[-1,2,0]
0,1,-1,0|753c54,,,,||uid://brkqwig4mb8ox
[-1,3,0]
1,-1,0,1|753c54,,,,||uid://b3wuj2s7n0860
[-1,4,0]
0,1,0,-1|753c54,,,,||uid://b3wuj2s7n0860
[-1,5,0]
1,1,1,1|753c54,,,,||
[0,5,0]
0,1,1,0|753c54,,,,||
[1,5,0]
1,0,0,1|753c54,,,,||uid://ebfjioeid17r
[0,6,0]
0,-1,0,1|753c54,,,,||
[0,7,0]
0,-1,0,-1|753c54,,,,||
[0,8,0]
0,1,0,-1|753c54,,,,||
[0,9,0]
0,0,0,1|753c54,,,,||
[1,2,0]
0,-1,0,1|753c54,,,,||uid://cj0tbjhnq3taa
[1,3,0]
0,-1,1,-1|753c54,,,,||uid://cj0tbjhnq3taa
[1,4,0]
0,1,0,-1|753c54,,,,||uid://cj0tbjhnq3taa
[2,5,0]
0,0,1,0|753c54,,,,||uid://diw3f6868hx0c
[-5,0,0]
-1,0,0,1|753c54,,,,||uid://dm4ydy2acqsc2
[-4,0,0]
1,0,-1,0|753c54,,,,||uid://dm4ydy2acqsc2
[2,1,0]
0,0,1,0|753c54,,,,||uid://cop5jfb7duvkt
[0,3,0]
1,0,1,0|753c54,,,,||uid://cuc8x6r6lwdjn
[-1,6,0]
0,0,0,1|753c54,,,,||
[-2,5,0]
1,0,0,0|753c54,,,,||uid://ph24r538jp2t
